6246;6264;2;01/03/2018
4218;200;1;29/07/2018
3307;1107;2;05/07/2018
1010;8866;2;06/02/2019
5822;3565;1;10/01/2018
9331;6433;1;03/09/2018
1489;1136;2;07/06/2017
1207;7207;1;10/08/2018
7978;5038;2;09/11/2018
9294;3160;1;19/11/2017
2536;5470;2;21/04/2019
9969;6240;2;12/01/2018
3616;5527;2;14/10/2018
5077;4340;1;06/01/2019
7663;2350;1;17/07/2017
3200;7749;2;01/04/2019
4402;5688;2;04/10/2017
1181;2875;2;23/01/2019
4233;1660;1;07/07/2018
1274;7632;2;21/06/2017
7535;3467;1;18/10/2017
845;213;2;03/01/2018
2445;6820;1;22/08/2017
79;8713;2;03/05/2019
7641;1313;1;01/08/2018
9885;5987;1;27/06/2018
145;6562;2;05/12/2018
733;7939;2;27/06/2018
6627;8923;1;25/10/2017
6375;2146;2;24/12/2018
777;7773;1;29/11/2018
2095;6611;1;25/03/2019
7334;2845;2;08/02/2018
4740;5221;1;09/08/2017
1321;3517;2;17/04/2018
2106;1737;2;15/12/2017
7968;2098;1;16/01/2018
9296;4211;1;08/10/2018
1024;4351;2;28/09/2017
1648;8556;2;07/05/2018
4609;1664;2;08/09/2017
6818;1728;2;13/03/2018
1229;1312;2;12/03/2019
1526;3534;2;23/10/2017
8034;8564;2;14/09/2018
4491;8625;1;01/04/2018
6699;9946;1;08/01/2018
4620;8788;1;29/06/2018
818;3046;2;11/06/2018
3496;1725;2;11/06/2018
3682;5408;1;09/01/2019
9325;2295;2;17/02/2018
4669;9031;1;20/04/2019
9748;4275;2;30/10/2017
3034;9029;1;30/05/2017
2043;916;2;01/08/2017
1637;5236;2;16/11/2018
344;1767;2;15/12/2018
3201;5965;1;11/05/2019
8131;1504;2;10/04/2018
8932;2226;1;29/03/2019
7061;161;2;14/04/2018
5749;2023;2;01/01/2019
9825;1862;1;18/10/2017
9501;2138;1;24/08/2018
155;5785;1;21/10/2017
1620;3725;2;11/10/2018
4371;8140;2;10/07/2018
2478;8562;2;15/05/2019
1978;2621;1;13/05/2019
9293;1702;2;26/01/2019
8517;7986;1;24/08/2018
2003;1141;2;19/08/2017
1938;9596;1;08/06/2017
5797;3279;2;24/06/2017
6395;2516;2;19/12/2018
5306;5668;2;19/01/2019
646;3123;2;01/02/2019
6370;3715;1;25/08/2017
1997;7502;2;22/02/2019
8679;5814;1;21/02/2018
5314;1467;1;06/06/2017
4274;7353;2;10/05/2018
3763;7448;1;05/01/2018
6612;6440;1;09/02/2018
6703;5962;2;30/04/2018
4947;93;2;04/11/2018
4324;9886;2;30/12/2018
5389;5941;2;26/11/2017
3937;478;2;04/02/2018
3905;9849;2;30/07/2017
5548;5849;1;01/01/2018
3335;3492;1;25/02/2018
9671;2626;1;01/01/2019
2668;9066;2;10/04/2019
7352;4600;1;16/06/2018
5707;9575;1;03/08/2018
4887;4295;2;20/06/2018
8064;8740;2;07/07/2017
5146;749;1;14/07/2017